600791 20181220
002734 20181220
002838 20181220
002199 20181220
002459 20181220
000663 20181220
600855 20181220
002705 20181220
600117 20181220
600118 20181220
600992 20181220
002572 20181220
002862 20181220
603866 20181220
603711 20181220
600007 20181220
601177 20181220
002336 20181220
601006 20181220
002012 20181220
000610 20181220
300261 20181219
601677 20181219
600148 20181219
002473 20181219
000507 20181219
002703 20181219
603677 20181219
600353 20181219
603225 20181219
603169 20181219
300409 20181219
600766 20181219
002093 20181219
600783 20181219
002680 20181219
600618 20181219
603776 20181219
600237 20181219
300451 20181219
300439 20181219
603367 20181219
002512 20181219
600372 20181219
000957 20181219
603118 20181219
002445 20181219
002788 20181219
000428 20181219
300199 20181219
603315 20181219
000566 20181219
603558 20181219
600198 20181219
603606 20181219
600311 20181219
600209 20181219
300654 20181219
300651 20181219
603520 20181219
002537 20181219
002137 20181219
601158 20181219
603556 20181219
603538 20181219
000584 20181219
300213 20181219
603444 20181219
000608 20181219
603337 20181219
600926 20181219
600169 20181219
002450 20181219
002730 20181219
603638 20181219
600660 20181219
300253 20181219
000555 20181219
300245 20181219
600728 20181219
300207 20181219
601518 20181219
300637 20181219
300722 20181219
601880 20181219
000048 20181219
600072 20181219
300008 20181219
002606 20181219
600467 20181219
601991 20181219
300723 20181219
300510 20181219
600098 20181219
600094 20181219
000595 20181219
000975 20181219
603025 20181219
600093 20181219
601008 20181219
603989 20181219
600489 20181219
600055 20181219
002434 20181219
000833 20181219
600511 20181219
002595 20181219
300027 20181219
300546 20181219
603977 20181219
600479 20181219
300056 20181219
300550 20181219
600548 20181219
002039 20181219
601958 20181219
300110 20181219
002259 20181219
000997 20181219
002649 20181219
600113 20181219
601069 20181219
600858 20181219
300484 20181219
000876 20181219
300113 20181219
300133 20181219
600605 20181219
603826 20181219
600988 20181219
601678 20181218
603063 20181218
300428 20181218
002760 20181218
002547 20181218
002545 20181218
002031 20181218
601968 20181218
300299 20181218
300752 20181218
300290 20181218
600120 20181218
300560 20181218
002666 20181218
300645 20181218
600836 20181218
601818 20181218
600232 20181218
300567 20181218
603117 20181218
603078 20181218
000915 20181218
300294 20181218
600210 20181218
002078 20181218
300292 20181218
002392 20181218
300749 20181218
300504 20181218
600106 20181218
600757 20181218
601628 20181218
002451 20181218
300511 20181218
300620 20181218
002092 20181218
002632 20181218
002035 20181218
000789 20181218
601636 20181218
603038 20181218
600167 20181218
002715 20181218
300370 20181218
300505 20181218
002627 20181218
300310 20181218
002587 20181218
000851 20181218
600720 20181218
002687 20181218
600775 20181218
000716 20181218
603321 20181218
601901 20181218
300492 20181218
002622 20181218
600151 20181218
600008 20181218
002038 20181218
300312 20181218
002620 20181218
300534 20181218
300175 20181218
300731 20181218
603680 20181218
002472 20181218
300674 20181218
002930 20181218
000061 20181218
300152 20181218
002929 20181218
603901 20181218
000501 20181218
000951 20181218
000528 20181218
600449 20181218
603917 20181218
002495 20181218
300745 20181218
300191 20181218
000518 20181218
002932 20181218
600354 20181218
002848 20181218
002196 20181218
600428 20181218
601088 20181218
000401 20181218
000404 20181218
300693 20181218
000090 20181218
600421 20181218
000151 20181218
603858 20181218
300100 20181218
603856 20181218
603887 20181218
002883 20181218
600987 20181218
002881 20181218
002878 20181218
002500 20181218
002887 20181218
002178 20181218
300128 20181218
002889 20181218
603890 20181218
600444 20181218
002940 20181218
000014 20181218
000571 20181218
002233 20181218
603535 20181218
300052 20181218
603577 20181218
300221 20181218
300219 20181218
000020 20181218
300021 20181218
002210 20181218
002809 20181218
300260 20181218
600239 20181218
600496 20181218
603378 20181218
002333 20181218
000609 20181218
600250 20181218
300318 20181218
603458 20181218
300649 20181218
000605 20181218
300707 20181218
603633 20181218
300746 20181218
300655 20181218
300075 20181218
600463 20181218
000936 20181218
603648 20181218
002941 20181218
603922 20181218
603637 20181218
603976 20181218
600666 20181218
300708 20181218
600662 20181218
002148 20181218
000021 20181218
002150 20181218
600556 20181218
002301 20181218
002648 20181217
002414 20181217
002931 20181217
600851 20181217
600600 20181217
600054 20181217
600597 20181217
002230 20181217
601877 20181217
603896 20181217
000538 20181217
002841 20181217
002366 20181217
002724 20181217
600977 20181217
603688 20181217
000890 20181217
600973 20181217
600887 20181217
000927 20181217
000582 20181217
603393 20181217
601200 20181217
600315 20181217
002747 20181217
000656 20181217
300222 20181217
600132 20181217
000757 20181217
300137 20181217
002671 20181217
002179 20181217
600993 20181217
300483 20181217
002656 20181217
603706 20181217
600619 20181217
002465 20181214
600036 20181214
300720 20181214
600035 20181214
300726 20181214
002463 20181214
002439 20181214
300718 20181214
002464 20181214
600039 20181214
300736 20181214
600029 20181214
300739 20181214
600028 20181214
600012 20181214
002477 20181214
002468 20181214
600010 20181214
002457 20181214
600006 20181214
600030 20181214
002452 20181214
002480 20181214
600333 20181214
600348 20181214
002287 20181214
002297 20181214
600327 20181214
600331 20181214
600356 20181214
600358 20181214
002279 20181214
002285 20181214
002284 20181214
600355 20181214
600320 20181214
600271 20181214
600278 20181214
600280 20181214
600248 20181214
600257 20181214
600258 20181214
600299 20181214
600305 20181214
600316 20181214
002314 20181214
600287 20181214
002309 20181214
002248 20181214
600458 20181214
002244 20181214
600439 20181214
002250 20181214
600446 20181214
002236 20181214
600505 20181214
600510 20181214
600466 20181214
002240 20181214
600476 20181214
600438 20181214
002273 20181214
600376 20181214
600377 20181214
600365 20181214
600369 20181214
600375 20181214
600392 20181214
600416 20181214
600419 20181214
600386 20181214
600388 20181214
600390 20181214
600109 20181214
600114 20181214
600115 20181214
002406 20181214
002405 20181214
002401 20181214
600125 20181214
600129 20181214
600137 20181214
002393 20181214
600119 20181214
002390 20181214
600099 20181214
002431 20181214
600057 20181214
002429 20181214
600051 20181214
002435 20181214
002432 20181214
600068 20181214
600075 20181214
600090 20181214
600061 20181214
002426 20181214
600064 20181214
002354 20181214
600195 20181214
600203 20181214
002357 20181214
002355 20181214
002221 20181214
600222 20181214
600227 20181214
002339 20181214
002349 20181214
600207 20181214
600208 20181214
600190 20181214
600165 20181214
002373 20181214
600168 20181214
600139 20181214
002378 20181214
600160 20181214
600176 20181214
002364 20181214
600179 20181214
600173 20181214
002369 20181214
002368 20181214
300223 20181214
300224 20181214
300225 20181214
300217 20181214
300215 20181214
002822 20181214
002820 20181214
002805 20181214
002802 20181214
002800 20181214
300238 20181214
300232 20181214
300235 20181214
002807 20181214
300211 20181214
300196 20181214
300200 20181214
002839 20181214
002845 20181214
300185 20181214
300190 20181214
002846 20181214
002829 20181214
300208 20181214
002827 20181214
002831 20181214
002835 20181214
300205 20181214
002832 20181214
002750 20181214
300322 20181214
300327 20181214
002753 20181214
002758 20181214
300308 20181214
002756 20181214
002733 20181214
002729 20181214
300347 20181214
300339 20181214
300329 20181214
300330 20181214
002738 20181214
300306 20181214
002785 20181214
002783 20181214
300274 20181214
300269 20181214
002797 20181214
002795 20181214
300258 20181214
002769 20181214
300295 20181214
300296 20181214
300293 20181214
300278 20181214
300281 20181214
002771 20181214
002938 20181214
300088 20181214
002936 20181214
002939 20181214
300083 20181214
300084 20181214
002942 20181214
002926 20181214
300091 20181214
002923 20181214
002927 20181214
300090 20181214
002933 20181214
002928 20181214
300007 20181214
300045 20181214
300030 20181214
300054 20181214
300044 20181214
300042 20181214
300043 20181214
300033 20181214
300067 20181214
300069 20181214
300070 20181214
300018 20181214
300023 20181214
300020 20181214
300019 20181214
002872 20181214
300158 20181214
002868 20181214
002876 20181214
300142 20181214
300146 20181214
002879 20181214
300184 20181214
002855 20181214
002853 20181214
002857 20181214
300170 20181214
300179 20181214
300180 20181214
002892 20181214
002916 20181214
002908 20181214
002907 20181214
300107 20181214
002922 20181214
300099 20181214
300104 20181214
002900 20181214
002896 20181214
300131 20181214
002901 20181214
300121 20181214
002903 20181214
300123 20181214
300619 20181214
300621 20181214
300623 20181214
300609 20181214
002568 20181214
300602 20181214
300604 20181214
002551 20181214
300636 20181214
300640 20181214
300632 20181214
300624 20181214
300627 20181214
300630 20181214
300598 20181214
002588 20181214
002584 20181214
002583 20181214
300576 20181214
300562 20181214
002592 20181214
300571 20181214
002576 20181214
300592 20181214
300595 20181214
300591 20181214
300579 20181214
300581 20181214
300587 20181214
300686 20181214
002508 20181214
300687 20181214
002510 20181214
002514 20181214
300679 20181214
300683 20181214
300703 20181214
300712 20181214
300715 20181214
300700 20181214
300689 20181214
300690 20181214
002501 20181214
300671 20181214
002535 20181214
300652 20181214
300656 20181214
300650 20181214
002544 20181214
002543 20181214
002541 20181214
300663 20181214
300665 20181214
300668 20181214
002526 20181214
300658 20181214
002529 20181214
300660 20181214
300432 20181214
300433 20181214
300434 20181214
002685 20181214
300415 20181214
300420 20181214
300421 20181214
300461 20181214
002663 20181214
300462 20181214
300459 20181214
300445 20181214
002673 20181214
002667 20181214
300411 20181214
300354 20181214
300355 20181214
300359 20181214
002721 20181214
300349 20181214
002723 20181214
002722 20181214
300383 20181214
300397 20181214
002695 20181214
300382 20181214
300374 20181214
300377 20181214
300378 20181214
300527 20181214
300533 20181214
002610 20181214
002619 20181214
300515 20181214
002623 20181214
300517 20181214
300554 20181214
300557 20181214
300561 20181214
002601 20181214
300542 20181214
300543 20181214
300545 20181214
300512 20181214
300486 20181214
300491 20181214
300493 20181214
002657 20181214
300467 20181214
300468 20181214
300476 20181214
002635 20181214
002631 20181214
300508 20181214
002636 20181214
300494 20181214
002642 20181214
002637 20181214
600515 20181214
000830 20181214
601928 20181214
000828 20181214
601919 20181214
000837 20181214
601918 20181214
000835 20181214
000809 20181214
603007 20181214
603012 20181214
603003 20181214
601985 20181214
000815 20181214
601997 20181214
601688 20181214
601789 20181214
601801 20181214
000882 20181214
601611 20181214
000888 20181214
000883 20181214
601908 20181214
000839 20181214
000838 20181214
000850 20181214
000863 20181214
601878 20181214
601881 20181214
603015 20181214
000738 20181214
603085 20181214
603088 20181214
000752 20181214
000759 20181214
603076 20181214
000756 20181214
603136 20181214
603138 20181214
603139 20181214
000723 20181214
603090 20181214
603110 20181214
000725 20181214
603030 20181214
000788 20181214
000780 20181214
603029 20181214
603020 20181214
603023 20181214
603026 20181214
000768 20181214
603059 20181214
000762 20181214
000776 20181214
000779 20181214
603056 20181214
000777 20181214
601607 20181214
000987 20181214
601000 20181214
000979 20181214
000988 20181214
600983 20181214
000990 20181214
600998 20181214
000965 20181214
601098 20181214
000961 20181214
000966 20181214
000977 20181214
601021 20181214
601068 20181214
600909 20181214
600917 20181214
002009 20181214
002013 20181214
600889 20181214
600893 20181214
600908 20181214
600980 20181214
600982 20181214
001896 20181214
600971 20181214
600939 20181214
600966 20181214
600969 20181214
000960 20181214
601311 20181214
601319 20181214
601336 20181214
601208 20181214
000926 20181214
601163 20181214
000922 20181214
601606 20181214
000899 20181214
000898 20181214
601577 20181214
601375 20181214
601555 20181214
601558 20181214
000952 20181214
000950 20181214
601116 20181214
601111 20181214
601100 20181214
601106 20181214
601108 20181214
601155 20181214
000930 20181214
000928 20181214
601139 20181214
000938 20181214
601128 20181214
000935 20181214
603159 20181214
603708 20181214
000425 20181214
603766 20181214
603686 20181214
000510 20181214
000505 20181214
603685 20181214
000407 20181214
603833 20181214
603838 20181214
603822 20181214
603789 20181214
603801 20181214
603811 20181214
000533 20181214
603659 20181214
603660 20181214
000537 20181214
000548 20181214
000546 20181214
000544 20181214
000517 20181214
603678 20181214
000514 20181214
000519 20181214
603661 20181214
603663 20181214
000521 20181214
000301 20181214
000036 20181214
000034 20181214
603958 20181214
603920 20181214
603912 20181214
603916 20181214
000039 20181214
603998 20181214
000002 20181214
000001 20181214
000008 20181214
603960 20181214
000016 20181214
603991 20181214
000099 20181214
603878 20181214
603881 20181214
603871 20181214
603839 20181214
603843 20181214
000158 20181214
000060 20181214
000058 20181214
603909 20181214
603900 20181214
000070 20181214
603889 20181214
603899 20181214
000551 20181214
603286 20181214
000669 20181214
000668 20181214
000672 20181214
603269 20181214
603277 20181214
000673 20181214
000651 20181214
603326 20181214
603330 20181214
603323 20181214
603301 20181214
603303 20181214
603320 20181214
603178 20181214
000707 20181214
000698 20181214
000711 20181214
000715 20181214
603161 20181214
000712 20181214
603233 20181214
000683 20181214
603258 20181214
000690 20181214
000695 20181214
603227 20181214
603228 20181214
603335 20181214
603528 20181214
603536 20181214
000581 20181214
000591 20181214
603515 20181214
000593 20181214
603516 20181214
603589 20181214
000557 20181214
603615 20181214
000564 20181214
603579 20181214
603580 20181214
603585 20181214
000627 20181214
603365 20181214
000623 20181214
000629 20181214
000636 20181214
000635 20181214
000631 20181214
603505 20181214
603508 20181214
000597 20181214
603416 20181214
603368 20181214
603385 20181214
603398 20181214
600577 20181214
600779 20181214
600768 20181214
600773 20181214
002200 20181214
600792 20181214
002201 20181214
600782 20181214
600789 20181214
600767 20181214
600590 20181214
600756 20181214
600743 20181214
600748 20181214
600761 20181214
600582 20181214
600581 20181214
600765 20181214
002194 20181214
600802 20181214
600804 20181214
600798 20181214
600801 20181214
600808 20181214
600812 20181214
600815 20181214
600810 20181214
600539 20181214
002068 20181214
600549 20181214
002207 20181214
002076 20181214
600794 20181214
600795 20181214
600796 20181214
600797 20181214
002208 20181214
002209 20181214
600740 20181214
002134 20181214
002133 20181214
600685 20181214
002158 20181214
600649 20181214
600643 20181214
002131 20181214
002163 20181214
600687 20181214
600651 20181214
002151 20181214
600655 20181214
600657 20181214
002152 20181214
600653 20181214
600678 20181214
002138 20181214
600665 20181214
002141 20181214
600611 20181214
002111 20181214
002118 20181214
600716 20181214
002110 20181214
002186 20181214
002107 20181214
600731 20181214
002183 20181214
002120 20181214
600689 20181214
600642 20181214
002130 20181214
002167 20181214
600693 20181214
600613 20181214
002180 20181214
600699 20181214
600628 20181214
600826 20181214
600883 20181214
600827 20181214
002023 20181214
600823 20181214
600885 20181214
600824 20181214
600879 20181214
600876 20181214
600875 20181214
002033 20181214
600525 20181214
002051 20181214
002049 20181214
600834 20181214
600536 20181214
600822 20181214
002043 20181214
600517 20181214
002044 20181214
603033 20181213
300141 20181213
002337 20181213
300117 20181213
002389 20181213
300582 20181213
603077 20181213
300004 20181213
300325 20181213
000532 20181213
002117 20181213
000550 20181213
600870 20181213
002897 20181213
603596 20181213
603013 20181213
300010 20181213
603936 20181213
002091 20181213
002047 20181213
300410 20181213
603239 20181213
603388 20181213
300340 20181213
603860 20181213
300305 20181213
002655 20181213
002865 20181213
600283 20181213
000019 20181213
300303 20181213
600111 20181213
000035 20181213
600053 20181213
000729 20181213
002869 20181213
002042 20181213
603338 20181213
603717 20181213
300022 20181213
002427 20181213
300458 20181213
002054 20181213
603679 20181213
300376 20181212
603106 20181212
600238 20181212
603618 20181212
000733 20181212
000513 20181212
603187 20181212
603081 20181212
300416 20181212
300725 20181212
600378 20181212
002123 20181212
600714 20181212
300427 20181212
600612 20181212
603628 20181212
300380 20181212
300455 20181212
300202 20181212
300402 20181212
002669 20181212
000632 20181212
002294 20181212
300047 20181212
300291 20181212
000007 20181212
002767 20181212
000650 20181212
002156 20181212
600677 20181212
002308 20181212
600288 20181212
002300 20181212
002786 20181212
000616 20181212
000004 20181212
300266 20181212
002149 20181212
300288 20181212
600322 20181212
300283 20181212
002303 20181212
600520 20181212
002292 20181212
000682 20181212
300352 20181212
600962 20181212
600260 20181212
000576 20181212
002224 20181212
600240 20181212
002712 20181212
603607 20181212
002821 20181212
300026 20181212
300050 20181212
000670 20181212
600684 20181212
002315 20181212
300315 20181212
002810 20181212
300336 20181212
002735 20181212
603283 20181212
600262 20181212
300747 20181212
002237 20181212
300071 20181212
000893 20181212
300670 20181212
002517 20181212
603825 20181212
002499 20181212
600069 20181212
000403 20181212
000801 20181212
002574 20181212
600175 20181212
002624 20181212
603008 20181212
600599 20181212
002617 20181212
002403 20181212
000905 20181212
600149 20181212
600769 20181212
002095 20181212
000089 20181212
600131 20181212
000962 20181212
300584 20181212
300116 20181212
300111 20181212
603929 20181212
300006 20181212
000820 20181212
002073 20181212
601949 20181212
600562 20181212
600161 20181212
300678 20181212
002502 20181212
002640 20181212
000981 20181212
603066 20181212
300144 20181212
300065 20181212
603980 20181212
603043 20181212
603703 20181212
002487 20181212
300160 20181212
600490 20181212
002409 20181212
300659 20181212
002045 20181212
002356 20181212
600076 20181212
300701 20181212
000753 20181212
002046 20181212
002235 20181212
002228 20181212
002251 20181212
002633 20181212
002362 20181212
002181 20181212
300139 20181212
000939 20181211
002425 20181211
600570 20181211
600817 20181211
603313 20181211
000932 20181211
601717 20181211
600108 20181211
300662 20181211
000056 20181211
603906 20181211
002777 20181211
000911 20181211
600529 20181211
002212 20181211
600895 20181211
600807 20181211
603363 20181211
603500 20181211
000917 20181211
600749 20181211
601015 20181211
600997 20181211
002890 20181211
300732 20181211
002165 20181211
600724 20181211
600712 20181211
600715 20181211
000719 20181211
002268 20181211
000978 20181211
300344 20181211
000868 20181211
603080 20181211
600027 20181211
600784 20181211
300688 20181211
300331 20181211
300541 20181211
002615 20181211
603806 20181211
002159 20181210
002850 20181210
603716 20181210
002943 20181210
000606 20181210
603630 20181210
300181 20181210
000040 20181210
603799 20181210
603790 20181210
300210 20181210
603586 20181210
002166 20181210
600634 20181210
603768 20181210
300242 20181210
000011 20181210
603612 20181210
002411 20181210
002412 20181210
300618 20181210
002562 20181210
300612 20181210
000697 20181210
002719 20181210
603196 20181210
600702 20181210
002498 20181210
600184 20181210
603060 20181210
002586 20181210
600753 20181210
002099 20181210
000886 20181210
300444 20181210
300601 20181210
601777 20181210
002567 20181210
600021 20181210
600888 20181210
600661 20181210
300730 20181210
300316 20181210
000796 20181210
603876 20181206
300593 20181206
600459 20181206
601811 20181206
600594 20181206
601900 20181206
600011 20181206
600898 20181206
600897 20181206
300115 20181206
300760 20181206
603999 20181206
300599 20181206
600561 20181206
603886 20181206
300547 20181206
601992 20181206
300122 20181206
300548 20181206
300129 20181206
603002 20181206
300040 20181206
600587 20181206
603006 20181206
600778 20181206
300578 20181206
600519 20181206
601933 20181206
601969 20181206
300119 20181206
300573 20181206
300697 20181206
600848 20181206
603937 20181206
601016 20181206
601020 20181206
603928 20181206
600857 20181206
601019 20181206
600499 20181206
600497 20181206
603985 20181206
300706 20181206
300055 20181206
300702 20181206
603939 20181206
300062 20181206
300705 20181206
600831 20181206
300641 20181206
601368 20181206
300642 20181206
600486 20181206
601005 20181206
600873 20181206
603903 20181206
601595 20181206
603918 20181206
300664 20181206
601126 20181206
300079 20181206
600074 20181206
600859 20181206
600097 20181206
600085 20181206
603993 20181206
300132 20181206
603199 20181206
300375 20181206
600361 20181206
600692 20181206
603181 20181206
600241 20181206
603229 20181206
300358 20181206
300369 20181206
300367 20181206
603658 20181206
600636 20181206
600708 20181206
600622 20181206
600220 20181206
600234 20181206
603168 20181206
300203 20181206
600367 20181206
300404 20181206
603336 20181206
600309 20181206
600674 20181206
603309 20181206
600282 20181206
300277 20181206
603488 20181206
300250 20181206
300244 20181206
300289 20181206
600647 20181206
600255 20181206
600645 20181206
603232 20181206
300350 20181206
600268 20181206
600340 20181206
600261 20181206
603266 20181206
603278 20181206
600615 20181206
600732 20181206
300147 20181206
300498 20181206
600606 20181206
603757 20181206
300155 20181206
603690 20181206
600185 20181206
600610 20181206
300149 20181206
600747 20181206
300262 20181206
300526 20181206
300528 20181206
603803 20181206
603055 20181206
300500 20181206
603039 20181206
600177 20181206
603035 20181206
600381 20181206
603116 20181206
600711 20181206
300438 20181206
300436 20181206
603669 20181206
600218 20181206
603676 20181206
300188 20181206
600211 20181206
300485 20181206
600398 20181206
300167 20181206
300489 20181206
600406 20181206
300471 20181206
603108 20181206
300178 20181206
300482 20181206
600196 20181206
300037 20181206
002749 20181206
002388 20181206
000921 20181206
002751 20181206
002428 20181206
000862 20181206
002399 20181206
002422 20181206
000982 20181206
002363 20181206
002360 20181206
002861 20181206
000923 20181206
002386 20181206
002372 20181206
000933 20181206
000726 20181206
000717 20181206
000739 20181206
002519 20181206
000700 20181206
002546 20181206
002539 20181206
000701 20181206
002469 20181206
002737 20181206
002875 20181206
000829 20181206
002492 20181206
002727 20181206
000807 20181206
002731 20181206
002275 20181206
002317 20181206
002124 20181206
002274 20181206
002100 20181206
002090 20181206
002102 20181206
002823 20181206
002160 20181206
002154 20181206
002217 20181206
002225 20181206
002260 20181206
002262 20181206
002790 20181206
002258 20181206
002851 20181206
002852 20181206
002347 20181206
002028 20181206
002858 20181206
000995 20181206
002856 20181206
000999 20181206
002326 20181206
002332 20181206
002319 20181206
002084 20181206
002842 20181206
002342 20181206
002836 20181206
002050 20181206
000667 20181206
300029 20181206
002594 20181206
002662 20181206
000568 20181206
000045 20181206
000419 20181206
000552 20181206
002683 20181206
000607 20181206
002672 20181206
000409 20181206
000600 20181206
002670 20181206
000601 20181206
002597 20181206
300016 20181206
300001 20181206
002122 20181206
002690 20181206
000525 20181206
000516 20181206
000520 20181206
002647 20181206
000652 20181206
000028 20181206
002653 20181206
600249 20181205
002341 20181205
300495 20181205
002641 20181205
300503 20181205
002345 20181205
002321 20181205
600188 20181205
002664 20181205
002660 20181205
600230 20181205
002338 20181205
300481 20181205
600231 20181205
600200 20181205
002353 20181205
002328 20181205
002330 20181205
002661 20181205
002351 20181205
002688 20181205
600462 20181205
600468 20181205
002241 20181205
600433 20181205
002261 20181205
600460 20181205
002245 20181205
600508 20181205
300418 20181205
300629 20181205
002222 20181205
600491 20181205
002232 20181205
002227 20181205
600495 20181205
600409 20181205
600306 20181205
002676 20181205
002289 20181205
002305 20181205
300448 20181205
002318 20181205
600273 20181205
300446 20181205
002271 20181205
300437 20181205
002681 20181205
600400 20181205
002286 20181205
002288 20181205
002677 20181205
600366 20181205
300507 20181205
002504 20181205
300684 20181205
300566 20181205
300698 20181205
300680 20181205
300585 20181205
002593 20181205
002511 20181205
002475 20181205
300727 20181205
002461 20181205
300733 20181205
300713 20181205
002490 20181205
300719 20181205
300717 20181205
300673 20181205
300644 20181205
002559 20181205
300647 20181205
002540 20181205
300635 20181205
300631 20181205
300628 20181205
300639 20181205
002561 20181205
002524 20181205
300605 20181205
300669 20181205
002538 20181205
300617 20181205
300615 20181205
002527 20181205
600141 20181205
300525 20181205
600155 20181205
002379 20181205
600126 20181205
300532 20181205
300529 20181205
300531 20181205
002628 20181205
002626 20181205
600186 20181205
002629 20181205
300514 20181205
600156 20181205
002365 20181205
600170 20181205
002613 20181205
002443 20181205
600022 20181205
300539 20181205
002442 20181205
300549 20181205
600000 20181205
600009 20181205
002458 20181205
600105 20181205
600091 20181205
600123 20181205
300536 20181205
300538 20181205
600060 20181205
600078 20181205
002423 20181205
603208 20181205
603203 20181205
603220 20181205
000691 20181205
000692 20181205
603133 20181205
603099 20181205
603183 20181205
000702 20181205
000703 20181205
000638 20181205
603329 20181205
000630 20181205
603356 20181205
603339 20181205
000679 20181205
000685 20181205
603299 20181205
000655 20181205
000662 20181205
603010 20181205
603009 20181205
000800 20181205
000792 20181205
603018 20181205
601952 20181205
000825 20181205
601990 20181205
603005 20181205
000812 20181205
603067 20181205
000783 20181205
000750 20181205
603089 20181205
603083 20181205
000790 20181205
603032 20181205
000786 20181205
603041 20181205
000785 20181205
603808 20181205
000413 20181205
603829 20181205
000155 20181205
000159 20181205
000421 20181205
603727 20181205
603767 20181205
603798 20181205
603777 20181205
000049 20181205
603898 20181205
000027 20181205
603988 20181205
603955 20181205
603880 20181205
603869 20181205
000088 20181205
000068 20181205
603885 20181205
000590 20181205
603507 20181205
603559 20181205
000559 20181205
000565 20181205
603360 20181205
603359 20181205
000622 20181205
603499 20181205
603456 20181205
603689 20181205
603683 20181205
603698 20181205
603726 20181205
603722 20181205
603619 20181205
000554 20181205
000545 20181205
603657 20181205
603655 20181205
000826 20181205
600722 20181205
600721 20181205
600727 20181205
002108 20181205
002109 20181205
002125 20181205
600696 20181205
603996 20181205
600719 20181205
002116 20181205
600790 20181205
002080 20181205
600793 20181205
002063 20181205
600803 20181205
600737 20181205
600733 20181205
002098 20181205
002082 20181205
600777 20181205
600609 20181205
600592 20181205
002177 20181205
600639 20181205
600617 20181205
002211 20181205
002215 20181205
600569 20181205
002193 20181205
600586 20181205
600686 20181205
002139 20181205
002132 20181205
600695 20181205
600694 20181205
600663 20181205
600658 20181205
002144 20181205
600675 20181205
600668 20181205
601377 20181205
000913 20181205
000908 20181205
601616 20181205
000902 20181205
601199 20181205
601137 20181205
601211 20181205
601328 20181205
601218 20181205
000859 20181205
601866 20181205
601882 20181205
000852 20181205
601899 20181205
601669 20181205
601618 20181205
601718 20181205
000877 20181205
601727 20181205
600865 20181205
600864 20181205
600877 20181205
600919 20181205
600880 20181205
600837 20181205
600833 20181205
600846 20181205
002034 20181205
600853 20181205
601058 20181205
000973 20181205
601066 20181205
000937 20181205
000968 20181205
000996 20181205
002004 20181205
600999 20181205
601011 20181205
000980 20181205
300168 20181205
002911 20181205
300395 20181205
300403 20181205
002899 20181205
002696 20181205
002736 20181205
300011 20181205
300407 20181205
300095 20181205
300276 20181205
300103 20181205
002798 20181205
002717 20181205
002893 20181205
300015 20181205
300236 20181205
300280 20181205
300391 20181205
300393 20181205
300265 20181205
300061 20181205
002859 20181205
300162 20181205
002843 20181205
300387 20181205
300063 20181205
300399 20181205
300064 20181205
300077 20181205
300097 20181205
002691 20181205
002757 20181205
002707 20181205
002708 20181205
300161 20181205
300038 20181205
300371 20181205
002828 20181205
002803 20181205
002920 20181205
002763 20181205
300368 20181205
300270 20181205
300256 20181205
300098 20181205
000732 20181204
002506 20181204
002709 20181204
002027 20181204
300523 20181204
600959 20181204
600543 20181204
600086 20181204
002083 20181204
002935 20181204
600764 20181204
002376 20181204
300694 20181204
002621 20181204
300516 20181204
600481 20181204
300193 20181204
000766 20181204
600975 20181204
002564 20181204
300603 20181204
600869 20181204
300124 20181204
000038 20181204
600533 20181204
600967 20181204
002226 20181204
600785 20181204
603728 20181204
600690 20181204
300109 20181204
603019 20181204
002402 20181204
300568 20181204
603189 20181204
600116 20181204
300013 20181204
300127 20181204
002493 20181204
002254 20181204
002146 20181204
002840 20181204
300751 20181204
600755 20181204
000889 20181204
002485 20181204
600892 20181204
300716 20181204
603855 20181204
300748 20181204
603377 20181204
002742 20181204
601799 20181204
300096 20181204
000333 20181204
600641 20181204
600382 20181204
002316 20181204
603268 20181204
002187 20181204
300423 20181204
300710 20181204
300106 20181204
603357 20181204
601996 20181130
300138 20181130
002787 20181130
603477 20181130
600107 20181130
002776 20181130
300672 20181130
603699 20181130
002382 20181130
300214 20181130
300470 20181130
600247 20181130
000429 20181130
002741 20181130
002755 20181130
600990 20181130
603819 20181130
300519 20181130
300309 20181130
600171 20181130
300456 20181130
603519 20181130
002679 20181130
002888 20181130
002915 20181130
603167 20181129
600033 20181129
000710 20181129
002220 20181129
002383 20181129
002103 20181129
002011 20181129
603177 20181129
600500 20181129
002441 20181129
000713 20181129
600744 20181129
600717 20181129
600152 20181129
300101 20181129
600017 20181129
002104 20181129
603127 20181129
002447 20181129
300118 20181129
600929 20181129
002381 20181129
300311 20181129
600498 20181129
002380 20181129
600038 20181129
000676 20181129
600067 20181129
600509 20181129
002918 20181129
002818 20181129
600506 20181129
000671 20181129
002424 20181129
300112 20181129
002917 20181129
603218 20181129
002416 20181129
603259 20181129
300254 20181129
600735 20181129
600084 20181129
002017 20181129
000680 20181129
000687 20181129
000026 20181129
300105 20181129
002420 20181129
600073 20181129
600103 20181129
603188 20181129
603186 20181129
600056 20181129
000970 20181129
600739 20181129
002433 20181129
600048 20181129
300314 20181129
600723 20181129
002436 20181129
603306 20181129
603300 20181129
002743 20181129
603198 20181129
002018 20181129
300320 20181129
002404 20181129
601333 20181129
601038 20181129
002396 20181129
600900 20181129
600112 20181129
600059 20181129
600162 20181129
002296 20181129
600323 20181129
300182 20181129
002247 20181129
000998 20181129
000823 20181129
002302 20181129
600995 20181129
600336 20181129
600338 20181129
600343 20181129
601888 20181129
600329 20181129
600330 20181129
603933 20181129
300183 20181129
300140 20181129
300263 20181129
600295 20181129
600681 20181129
000806 20181129
600285 20181129
601999 20181129
000906 20181129
601567 20181129
600984 20181129
600308 20181129
002142 20181129
601566 20181129
002140 20181129
601989 20181129
002266 20181129
600637 20181129
300154 20181129
300177 20181129
300035 20181129
000983 20181129
002267 20181129
601700 20181129
600410 20181129
300157 20181129
300268 20181129
300156 20181129
300176 20181129
600633 20181129
600425 20181129
002272 20181129
601857 20181129
600360 20181129
600363 20181129
601001 20181129
600350 20181129
300150 20181129
000976 20181129
002162 20181129
300275 20181129
600435 20181129
601808 20181129
600371 20181129
601828 20181129
600368 20181129
002276 20181129
002792 20181129
300259 20181129
600206 20181129
002348 20181129
002902 20181129
603086 20181129
000737 20181129
002905 20181129
000751 20181129
603058 20181129
600483 20181129
300174 20181129
600487 20181129
300297 20181129
002344 20181129
600213 20181129
002231 20181129
300307 20181129
600713 20181129
600178 20181129
002812 20181129
600163 20181129
002375 20181129
603123 20181129
600180 20181129
002005 20181129
600706 20181129
600192 20181129
300120 20181129
603103 20181129
600183 20181129
601339 20181129
002320 20181129
601388 20181129
600267 20181129
603021 20181129
603022 20181129
001979 20181129
600688 20181129
603017 20181129
001965 20181129
603011 20181129
300135 20181129
600469 20181129
600616 20181129
600981 20181129
600470 20181129
600979 20181129
002772 20181129
002335 20181129
300229 20181129
002770 20181129
002340 20181129
600229 20181129
600697 20181129
002334 20181129
002175 20181129
600477 20181129
603979 20181129
300231 20181129
002331 20181129
000791 20181129
600243 20181129
000400 20181129
002566 20181129
300480 20181129
000541 20181129
603636 20181129
300195 20181129
300607 20181129
300611 20181129
300613 20181129
002658 20181129
300076 20181129
002830 20181129
600839 20181129
600546 20181129
300398 20181129
300586 20181129
002060 20181129
000925 20181129
300009 20181129
000536 20181129
002573 20181129
603818 20181129
000531 20181129
603817 20181129
300005 20181129
002032 20181129
603590 20181129
300509 20181129
300363 20181129
600820 20181129
002826 20181129
000156 20181129
000567 20181129
300357 20181129
300082 20181129
300360 20181129
603859 20181129
002189 20181129
600780 20181129
600860 20181129
002556 20181129
002202 20181129
000929 20181129
300249 20181129
000920 20181129
002713 20181129
603605 20181129
603602 20181129
000037 20181129
300209 20181129
603926 20181129
002191 20181129
603730 20181129
300501 20181129
002638 20181129
300537 20181129
000417 20181129
002605 20181129
300066 20181129
002203 20181129
002611 20181129
002040 20181129
600850 20181129
600555 20181129
600558 20181129
002062 20181129
600557 20181129
300520 20181129
300521 20181129
601099 20181129
300394 20181129
300506 20181129
603779 20181129
002614 20181129
300388 20181129
300386 20181129
002600 20181129
300496 20181129
603693 20181129
600563 20181129
000411 20181129
600854 20181129
300570 20181129
300206 20181129
601166 20181129
002645 20181129
002590 20181129
002072 20181129
300165 20181129
600595 20181129
000430 20181129
002067 20181129
000416 20181129
002866 20181129
601188 20181129
300555 20181129
002596 20181129
300379 20181129
603701 20181129
300558 20181129
300559 20181129
300198 20181129
000626 20181129
002503 20181129
300692 20181129
600759 20181129
300093 20181129
600763 20181129
000613 20181129
000066 20181129
300337 20181129
603486 20181129
601101 20181129
601118 20181129
300085 20181129
603527 20181129
002483 20181129
600758 20181129
300248 20181129
300442 20181129
000953 20181129
002509 20181129
300721 20181129
002678 20181129
002682 20181129
603895 20181129
000615 20181129
603383 20181129
002097 20181129
002052 20181129
601318 20181129
603897 20181129
600603 20181129
300724 20181129
603990 20181129
000062 20181129
300338 20181129
002693 20181129
300431 20181129
000619 20181129
601258 20181129
002488 20181129
002523 20181129
000572 20181129
300002 20181129
002219 20181129
300252 20181129
300750 20181129
601226 20181129
300334 20181129
603557 20181129
000100 20181129
600535 20181129
300463 20181129
603578 20181129
002491 20181129
300194 20181129
002057 20181129
603908 20181129
600884 20181129
000955 20181129
002454 20181129
300676 20181129
300677 20181129
603882 20181129
600830 20181129
300422 20181129
601127 20181129
603533 20181129
600829 20181129
002515 20181129
002513 20181129
600583 20181129
603879 20181129
002088 20181129
300453 20181129
002467 20181129
002089 20181129
300335 20181129
002056 20181129
002824 20181128
600279 20181128
002170 20181128
300126 20181128
600742 20181128
603496 20181128
603506 20181128
002291 20181128
300441 20181128
002575 20181128
002147 20181128
603848 20181128
300171 20181128
002370 20181128
603566 20181128
000096 20181128
002346 20181128
000502 20181128
000897 20181128
603997 20181128
000760 20181128
600217 20181128
002486 20181128
002877 20181128
600379 20181128
002534 20181128
300653 20181128
000018 20181127
002113 20181127
603568 20181127
601872 20181127
600216 20181127
600422 20181127
002542 20181127
600704 20181127
002001 20181127
000918 20181127
300173 20181127
300078 20181127
002048 20181127
000659 20181127
300675 20181127
300472 20181126
300413 20181126
002157 20181126
002299 20181126
300449 20181126
000661 20181126
002021 20181126
002801 20181126
002913 20181126
600741 20181126
603609 20181126
603328 20181126
603297 20181126
002725 20181126
600172 20181126
002015 20181123
300251 20181123
000078 20181123
300212 20181123
300255 20181123
600579 20181123
300682 20181123
002408 20181123
002172 20181123
300051 20181123
300241 20181123
002668 20181123
002385 20181123
300657 20181123
000708 20181123
002280 20181123
002029 20181123
000586 20181123
000573 20181123
600359 20181123
600725 20181123
600629 20181123
600037 20181123
000892 20181123
000055 20181123
000887 20181123
600426 20181123
600584 20181123
002449 20181123
600420 20181123
603355 20181123
603348 20181123
600026 20181123
601608 20181123
600079 20181123
002418 20181123
300709 20181123
600601 20181123
603421 20181123
600527 20181123
002025 20181123
000625 20181123
300429 20181123
300342 20181123
000678 20181123
000677 20181123
001696 20181123
002071 20181123
000504 20181123
002700 20181123
002701 20181123
600228 20181123
600844 20181123
603656 20181123
300300 20181123
000755 20181123
002581 20181123
300073 20181123
601360 20181123
000803 20181123
603737 20181123
002891 20181123
002204 20181123
000418 20181123
600560 20181123
000799 20181123
300540 20181123
603725 20181123
002064 20181123
002174 20181123
300384 20181123
603639 20181123
600158 20181123
601216 20181123
002085 20181123
002555 20181123
300625 20181123
002860 20181123
600345 20181123
300148 20181123
300279 20181123
601086 20181123
600135 20181123
002290 20181123
600189 20181123
600965 20181123
002870 20181123
600452 20181123
300596 20181123
300479 20181123
002759 20181123
600856 20181123
600654 20181123
002793 20181123
000009 20181123
000931 20181122
601162 20181122
002796 20181122
600621 20181122
600512 20181122
002218 20181122
601500 20181122
000895 20181122
603050 20181122
603555 20181122
002329 20181122
600212 20181122
300343 20181122
002507 20181122
600270 20181122
603667 20181122
002036 20181122
603569 20181122
000560 20181122
300003 20181122
603389 20181122
603966 20181122
002460 20181122
603128 20181122
603226 20181122
300326 20181122
300328 20181122
603387 20181122
603098 20181122
000736 20181122
002115 20181122
603366 20181122
002479 20181122
300053 20181122
002659 20181122
002161 20181122
300204 20181122
600626 20181122
600845 20181122
300025 20181122
300426 20181122
600630 20181122
002837 20181122
300450 20181122
002164 20181122
300048 20181122
000818 20181122
603709 20181122
600297 20181122
300017 20181122
300565 20181122
000811 20181122
000043 20181122
300518 20181122
300522 20181122
300535 20181122
603758 20181122
300012 20181121
002746 20181121
002516 20181121
601107 20181121
600531 20181121
002155 20181121
002127 20181121
601600 20181121
002806 20181121
002234 20181121
002780 20181121
002171 20181121
300239 20181120
002145 20181120
000022 20181120
600809 20181120
300234 20181120
600676 20181120
603969 20181120
002066 20181120
600805 20181120
002173 20181120
600593 20181120
600673 20181120
600814 20181120
002168 20181120
002041 20181120
000025 20181120
601009 20181120
300201 20181120
002185 20181120
002169 20181120
600828 20181120
000985 20181120
600821 20181120
600841 20181120
600819 20181120
600589 20181120
601012 20181120
601002 20181120
002192 20181120
600682 20181120
300172 20181120
600881 20181120
002014 20181120
600882 20181120
002182 20181120
600710 20181120
600958 20181120
002006 20181120
002819 20181120
600729 20181120
603959 20181120
300220 20181120
600726 20181120
002105 20181120
002106 20181120
600901 20181120
600602 20181120
000967 20181120
600978 20181120
600598 20181120
600866 20181120
002135 20181120
002136 20181120
600781 20181120
002811 20181120
002026 20181120
002002 20181120
300187 20181120
600970 20181120
002087 20181120
600867 20181120
601018 20181120
600976 20181120
000031 20181120
600018 20181120
002448 20181120
603331 20181120
002453 20181120
600015 20181120
002446 20181120
002430 20181120
600063 20181120
600071 20181120
002444 20181120
002440 20181120
600052 20181120
002494 20181120
603380 20181120
002482 20181120
002518 20181120
000598 20181120
603466 20181120
300737 20181120
600004 20181120
300332 20181120
002456 20181120
300738 20181120
300740 20181120
000012 20181120
600080 20181120
600153 20181120
603126 20181120
002374 20181120
603166 20181120
603156 20181120
603129 20181120
000722 20181120
300304 20181120
600187 20181120
000735 20181120
000731 20181120
300419 20181120
002361 20181120
603223 20181120
002400 20181120
300319 20181120
000686 20181120
600089 20181120
002415 20181120
603197 20181120
002391 20181120
002387 20181120
300313 20181120
002397 20181120
300114 20181120
000017 20181120
300490 20181120
603813 20181120
002644 20181120
000402 20181120
603816 20181120
300488 20181120
300396 20181120
300389 20181120
002612 20181120
002608 20181120
002639 20181120
603778 20181120
002625 20181120
300425 20181120
300412 20181120
000069 20181120
300414 20181120
000050 20181120
300424 20181120
300447 20181120
000157 20181120
000166 20181120
000338 20181120
300034 20181120
000153 20181120
300464 20181120
300014 20181120
002550 20181120
000032 20181120
603588 20181120
300622 20181120
002554 20181120
300366 20181120
000563 20181120
002528 20181120
002520 20181120
002718 20181120
300081 20181120
603583 20181120
002531 20181120
300569 20181120
603919 20181120
002585 20181120
603721 20181120
603713 20181120
000488 20181120
002582 20181120
603626 20181120
000553 20181120
002560 20181120
300580 20181120
000539 20181120
000543 20181120
002358 20181120
600415 20181120
002789 20181120
600436 20181120
601666 20181120
300272 20181120
300271 20181120
601601 20181120
002243 20181120
601398 20181120
600475 20181120
000901 20181120
601588 20181120
600456 20181120
600396 20181120
600373 20181120
601788 20181120
002269 20181120
600362 20181120
601838 20181120
600370 20181120
600383 20181120
600391 20181120
601699 20181120
000885 20181120
600385 20181120
000878 20181120
600389 20181120
601222 20181120
002213 20181120
601198 20181120
601229 20181120
002214 20181120
600537 20181120
600552 20181120
601138 20181120
600578 20181120
601117 20181120
601168 20181120
600559 20181120
600573 20181120
600528 20181120
600488 20181120
300257 20181120
600501 20181120
002867 20181120
600480 20181120
600482 20181120
600502 20181120
600518 20181120
601326 20181120
000919 20181120
300041 20181120
600513 20181120
600516 20181120
601998 20181120
600293 20181120
600298 20181120
002778 20181120
600276 20181120
600281 20181120
000819 20181120
600303 20181120
002306 20181120
000782 20181120
000778 20181120
601988 20181120
600226 20181120
603028 20181120
002768 20181120
600251 20181120
600235 20181120
603040 20181120
000793 20181120
600259 20181120
600266 20181120
300284 20181120
000798 20181120
002325 20181120
002324 20181120
002779 20181120
600326 20181120
000831 20181120
600328 20181120
002298 20181120
601929 20181120
600325 20181120
002283 20181120
002282 20181120
002307 20181120
601898 20181120
600337 20181120
002781 20181120
600310 20181120
000821 20181120
002350 20181120
600307 20181120
000758 20181120
002906 20181120
600319 20181120
600197 20181120
601939 20181120
002884 20181120
000948 20181119
603888 20181119
600960 20181119
601965 20181119
603617 20181119
603600 20181119
603518 20181119
603599 20181119
603319 20181119
000802 20181119
002010 20181119
000681 20181119
600986 20181119
300089 20181119
002216 20181119
600671 20181119
600667 20181119
002674 20181119
600128 20181119
002745 20181119
002129 20181119
600679 20181119
002609 20181119
600547 20181119
600770 20181119
300400 20181119
600403 20181119
002654 20181119
300633 20181119
300285 20181119
300353 20181119
002119 20181119
600138 20181119
002752 20181119
600718 20181119
300551 20181119
600136 20181119
002238 20181119
600277 20181119
300405 20181119
300039 20181119
300460 20181119
600193 20181119
300246 20181119
600818 20181119
600096 20181119
300588 20181119
300390 20181119
002833 20181119
600811 20181119
300661 20181119
600351 20181119
002762 20181119
600100 20181119
002197 20181119
002206 20181119
002773 20181119
600335 20181119
600321 20181119
600081 20181119
300634 20181119
600620 20181119
002774 20181119
603987 20181119
600380 20181119
002697 20181119
002242 20181116
002007 20181116
600585 20181116
000958 20181116
300610 20181116
601231 20181116
300024 20181116
002651 20181116
002886 20181116
000592 20181116
002716 20181116
603587 20181116
300381 20181116
002937 20181116
600448 20181116
600236 20181116
601800 20181116
603113 20181116
002732 20181116
600143 20181116
600256 20181116
600800 20181116
000861 20181116
600774 20181116
603045 20181116
000150 20181116
300589 20181116
002885 20181116
002571 20181115
002094 20181115
300267 20181115
300240 20181115
600652 20181115
002569 20181115
002505 20181115
000727 20181115
600566 20181115
600122 20181115
600225 20181115
002437 20181115
000547 20181115
601579 20181115
600265 20181115
603707 20181115
002665 20181115
300216 20181115
600567 20181114
000529 20181114
600201 20181114
300385 20181114
600551 20181114
601169 20181114
000903 20181114
002565 20181114
600580 20181114
002577 20181114
300247 20181114
600332 20181114
300074 20181114
600575 20181114
002570 20181114
002239 20181114
600576 20181114
002343 20181114
002591 20181114
601233 20181114
600318 20181114
002598 20181114
002521 20181114
600526 20181114
600146 20181114
603696 20181114
300298 20181114
603131 20181114
600301 20181114
300166 20181114
002579 20181114
603666 20181114
601966 20181114
000728 20181114
603668 20181114
000596 20181114
000910 20181114
600455 20181114
002912 20181114
300163 20181114
603042 20181114
002650 20181114
300408 20181114
600996 20181114
002022 20181114
603883 20181114
600077 20181114
603369 20181114
603601 20181114
002311 20181114
000639 20181114
002740 20181114
002553 20181114
600703 20181114
300477 20181114
600701 20181114
000611 20181114
600066 20181114
002438 20181114
300134 20181114
600664 20181114
600691 20181114
000612 20181114
600903 20181114
603788 20181114
603787 20181114
002065 20181114
300499 20181114
002407 20181114
601890 20181114
002536 20181114
000963 20181114
002898 20181114
300616 20181114
603358 20181114
600787 20181114
000620 20181114
002327 20181114
300059 20181114
002799 20181114
002557 20181114
002474 20181114
300430 20181114
300695 20181114
002086 20181113
000797 20181113
300590 20181113
603318 20181113
002077 20181113
002008 20181113
000042 20181113
603214 20181113
002698 20181113
300164 20181113
603501 20181113
600545 20181113
603238 20181112
603665 20181112
000971 20181109
600408 20181109
603105 20181109
000599 20181109
002421 20181109
600150 20181109
600635 20181109
300092 20181109
002728 20181109
603111 20181109
600871 20181109
002295 20181109
002377 20181109
002030 20181109
603800 20181109
000949 20181109
601113 20181109
002603 20181109
002496 20181109
600936 20181109
603861 20181109
600339 20181109
300094 20181109
603101 20181109
600847 20181109
600886 20181109
600891 20181109
002249 20181109
000408 20181109
000570 20181109
603288 20181108
300735 20181108
002367 20181108
002684 20181108
300502 20181108
300696 20181108
002563 20181108
600070 20181108
601238 20181108
600050 20181108
300711 20181108
002019 20181108
603828 20181108
300282 20181108
603079 20181108
000705 20181108
603305 20181108
300626 20181108
600532 20181108
002371 20181108
300583 20181108
002263 20181108
600872 20181108
600776 20181108
600874 20181108
603000 20181108
603001 20181107
000836 20181107
603037 20181107
600313 20181107
002549 20181107
600215 20181107
002548 20181107
603031 20181107
002532 20181107
002919 20181107
603298 20181107
600698 20181107
002815 20181107
002121 20181107
300465 20181107
002417 20181107
002634 20181107
300108 20181107
600683 20181107
603429 20181107
600825 20181107
002081 20181107
600862 20181107
002825 20181107
600838 20181107
600843 20181107
603963 20181107
603877 20181107
600730 20181107
603308 20181107
603333 20181107
000617 20181107
600020 20181107
600095 20181107
600393 20181107
600387 20181107
000721 20181107
300351 20181107
002246 20181107
600182 20181107
600638 20181107
002277 20181107
002782 20181107
300151 20181107
603165 20181107
600540 20181107
600101 20181107
002053 20181107
002607 20181107
002864 20181107
600521 20181107
600503 20181107
000633 20181106
300699 20181106
300742 20181106
603100 20181106
300743 20181106
002522 20181106
000587 20181106
600127 20181106
300681 20181106
300364 20181106
603399 20181106
002925 20181106
002761 20181106
600025 20181106
300667 20181106
603396 20181106
300153 20181106
002471 20181106
600352 20181106
000415 20181106
002871 20181106
300072 20181106
600933 20181106
002112 20181106
600734 20181106
601869 20181106
002699 20181106
300466 20181106
601619 20181106
601366 20181106
603718 20181106
002630 20181106
600550 20181106
000420 20181106
600571 20181106
002253 20181106
002190 20181106
600429 20181106
300552 20181106
300553 20181106
300556 20181106
603027 20181106
600289 20181106
300192 20181106
300406 20181106
002024 20181106
300286 20181106
002692 20181106
002849 20181106
002312 20181106
002322 20181106
600746 20181106
300049 20181106
300606 20181106
601212 20181106
603595 20181106
002689 20181106
600835 20181106
300475 20181105
300333 20181105
600596 20181105
000046 20181105
603192 20181105
603773 20181105
600572 20181105
603222 20181105
300130 20181105
002410 20181105
300046 20181105
300474 20181105
600062 20181105
002126 20181105
600023 20181105
300473 20181105
603868 20181105
300457 20181105
600890 20181105
002813 20181105
002497 20181105
002484 20181105
002847 20181105
002176 20181105
600754 20181105
000989 20181105
002808 20181105
002646 20181105
600640 20181105
600522 20181105
601798 20181105
002873 20181105
000860 20181105
000869 20181105
002313 20181105
300563 20181105
300125 20181105
300666 20181105
002775 20181105
300143 20181105
002352 20181105
603978 20181105
300608 20181105
002293 20181105
002880 20181105
000848 20181105
300302 20181105
300159 20181105
300365 20181105
002766 20181105
000709 20181105
002223 20181105
603517 20181105
300638 20181105
002384 20181105
600395 20181105
000959 20181101
300227 20181101
600568 20181101
002530 20181101
000816 20181101
603386 20181101
002552 20181101
300102 20181101
600896 20181101
600202 20181101
300230 20181101
000509 20181101
601003 20181101
000881 20181101
603810 20181101
300729 20181101
002702 20181101
603158 20181101
603938 20181101
300169 20181101
000767 20181101
002413 20181031
600291 20181031
300643 20181031
600507 20181031
603016 20181031
002143 20181031
600104 20181031
603738 20181030
600082 20181030
300600 20181030
300348 20181030
000063 20181030
002706 20181029
000059 20181029
002686 20181029
300031 20181029
603603 20181029
300435 20181029
000558 20181029
300513 20181029
000422 20181029
603797 20181029
002604 20181029
603729 20181029
300685 20181029
002580 20181029
300356 20181029
002489 20181029
002675 20181029
603809 20181029
300487 20181029
300597 20181029
603179 20181029
603180 20181029
300317 20181029
600133 20181029
000718 20181029
002256 20181029
600751 20181029
002278 20181029
000969 20181029
300321 20181029
600565 20181029
601028 20181029
002101 20181029
002748 20181029
601599 20181029
603069 20181029
600199 20181029
002255 20181029
002114 20181029
600623 20181029
000900 20181029
600233 20181029
600159 20181029
603036 20181029
601010 20181029
300032 20181029
600736 20181029
601886 20181029
002074 20181029
600530 20181029
002037 20181029
300228 20181029
000993 20181029
002079 20181029
601633 20181029
600644 20181029
600538 20181029
300741 20181029
002059 20181029
002128 20181029
601225 20181029
300273 20181029
002096 20181029
603260 20181029
600083 20181029
601369 20181029
600493 20181029
601288 20181029
603316 20181029
600478 20181029
000880 20181029
000423 20181026
603200 20181026
600290 20181026
600191 20181026
002863 20181026
601519 20181026
300136 20181026
300452 20181026
300401 20181026
600705 20181026
600608 20181025
002895 20181025
002184 20181025
300068 20181025
002726 20181025
000006 20181025
002578 20181025
000688 20181025
000589 20181025
002816 20181025
300264 20181025
000585 20181025
600738 20181025
000628 20181024
002478 20181024
000813 20181024
002910 20181024
002058 20181024
603970 20181024
300572 20181024
603311 20181024
002618 20181024
002589 20181024
300345 20181024
601858 20181023
601766 20181023
002265 20181023
300530 20181023
002714 20181023
603289 20181023
002198 20181023
600110 20181023
600223 20181023
300478 20181023
002069 20181023
000720 20181023
600523 20181018
002205 20181018
002229 20181018
002264 20181018
600418 20181018
300577 20181018
000506 20181018
000524 20181018
600405 20181018
002599 20181018
002533 20181018
600219 20181018
603157 20181018
002359 20181018
600242 20181018
603598 20181018
300218 20181018
600221 20181018
600121 20181018
002455 20181018
600868 20181018
002462 20181018
600816 20181018
600088 20181018
300691 20181018
300443 20181018
000603 20181018
000530 20181018
600302 20181018
300058 20181018
002882 20181018
603650 20181018
600312 20181018
600963 20181018
603968 20181018
300080 20181018
002711 20181018
300145 20181017
603322 20181016
002694 20181016
000810 20181016
002419 20181015
601689 20181015
300087 20181015
600588 20181015
300057 20181011
601007 20181011
300301 20181011
600760 20181011
600624 20181011
002195 20181011
600861 20181011
002909 20181011
000523 20181011
600397 20181011
300575 20181011
300346 20181011
600272 20181011
603616 20181011
600269 20181011
002765 20181011
300287 20181011
600058 20181011
000657 20181011
601390 20181011
000637 20181011
002470 20181011
603567 20181010
000410 20181010
600650 20181010
002481 20181010
603823 20181010
000426 20181010
002398 20181010
300323 20181010
000023 20181010
300392 20181009
600985 20181008
002310 20181008
600863 20181008
600284 20181008
603096 20181008
300341 20181008
600166 20181008
600275 20181008
601179 20181008
000761 20181008
601668 20181008
000503 20181008
000030 20181008
002270 20181008
002188 20181008
002616 20181008
601186 20181008
600461 20181008
002791 20181008
600648 20181008
002304 20181008
600292 20181008
600317 20181008
603160 20180927
600707 20180927
002003 20180927
603345 20180927
601228 20180927
000665 20180927
300497 20180927
002281 20180926
600604 20180926
300233 20180925
300086 20180925
600246 20180925
600019 20180925
000822 20180925
000972 20180925
600614 20180925
300440 20180925
300469 20180921
000010 20180921
002020 20180920
002817 20180920
600771 20180920
000795 20180917
601515 20180917
600016 20180917
300189 20180917
002652 20180917
600346 20180917
300036 20180914
002016 20180914
002395 20180914
002466 20180914
000005 20180914
600130 20180914
002921 20180914
000561 20180914
300373 20180914
603712 20180914
603986 20180913
600750 20180913
002153 20180912
002558 20180912
000858 20180912
300454 20180912
002643 20180911
300417 20180910
601330 20180910
002394 20180906
600300 20180905
000856 20180905
000498 20180905
600894 20180905
600961 20180905
300226 20180904
002476 20180903
000065 20180903
603611 20180831
000875 20180830
002055 20180829
603733 20180828
600252 20180828
300243 20180824
300648 20180824
300237 20180823
600031 20180814
002061 20180810
000534 20180809
000909 20180802
603608 20180801
300028 20180713
